UNO Synth Pro MIDI Monitor v1.1 State Read
UNO IN: 0: UNO Synth Pro
UNO OUT: 1: UNO Synth Pro
EDITOR OUT/TAP IN: 1: UNO_TAP
EDITOR IN/RETURN OUT: 3: UNO_RETURN
Clock captured: False
Active Sense captured: False
REC	TIME	DIRECTION	TYPE	BYTES	HEX	DECODED
1	4.835639	UNO→EDITOR	SysEx	309	F0 00 21 1A 02 03 00 37 00 00 00 08 00 08 01 00 04 00 60 38 00 00 00 01 00 00 00 70 15 00 00 5A 00 3C 0D 00 52 16 00 1F 05 70 55 05 00 00 00 00 02 0C 08 70 3F 4F 30 02 00 00 00 00 00 00 00 00 00 00 00 00 00 00 00 00 2E 7E 03 40 01 00 00 64 02 00 00 00 00 00 00 64 02 00 00 00 00 00 00 19 00 00 58 20 66 00 74 0B 70 2E 40 7B 03 10 00 0B 64 0C 40 3E 01 6E 05 38 3F 00 02 30 41 0C 0F 1F 00 01 58 20 46 42 0F 40 3C 00 00 70 00 00 32 1E 3E 00 0A 70 60 00 00 64 00 60 73 71 03 10 00 06 00 10 63 71 03 50 00 07 06 00 20 06 00 1E 0F 1F 00 05 38 30 00 00 32 00 70 79 78 01 48 0C 00 03 48 75 20 36 00 7A 00 17 48 01 60 03 00 0F 32 01 64 00 00 00 20 02 00 01 6E 5D 7B 03 40 02 00 00 02 00 00 00 00 40 00 0F 00 30 11 00 00 00 00 00 00 00 00 00 00 00 00 00 00 00 00 00 00 00 00 00 00 00 00 00 00 00 00 00 00 00 00 00 00 00 00 00 00 00 00 00 00 00 00 00 00 00 00 00 00 00 00 00 02 03 00 00 00 00 00 00 00 00 00 00 00 00 00 00 00 00 08 00 F7	UNO state 309B
2	4.898330	UNO→EDITOR	SysEx	43	F0 00 21 1A 02 03 00 24 01 00 00 54 48 45 20 4F 4E 45 00 20 20 20 20 20 20 00 00 00 00 00 00 00 00 00 00 00 00 00 00 00 00 00 F7	SysEx (43 bytes)
3	4.918209	UNO→EDITOR	SysEx	43	F0 00 21 1A 02 03 00 24 01 00 01 50 55 4E 43 48 20 42 41 53 53 20 33 00 20 00 00 00 00 00 00 00 00 00 00 00 00 00 00 00 00 00 F7	SysEx (43 bytes)
4	4.938310	UNO→EDITOR	SysEx	43	F0 00 21 1A 02 03 00 24 01 00 02 42 41 53 53 00 20 20 20 20 20 20 20 20 20 00 00 00 00 00 00 00 00 00 00 00 00 00 00 00 00 00 F7	SysEx (43 bytes)
5	4.958232	UNO→EDITOR	SysEx	43	F0 00 21 1A 02 03 00 24 01 00 03 44 50 20 4C 45 41 44 00 20 20 20 20 20 20 00 00 00 00 00 00 00 00 00 00 00 00 00 00 00 00 00 F7	SysEx (43 bytes)
6	4.978283	UNO→EDITOR	SysEx	43	F0 00 21 1A 02 03 00 24 01 00 04 44 4F 43 54 4F 52 20 4C 45 41 44 00 20 20 00 00 00 00 00 00 00 00 00 00 00 00 00 00 00 00 00 F7	SysEx (43 bytes)
7	4.998195	UNO→EDITOR	SysEx	43	F0 00 21 1A 02 03 00 24 01 00 05 49 4E 46 4F 50 41 44 00 20 20 20 20 20 20 00 00 00 00 00 00 00 00 00 00 00 00 00 00 00 00 00 F7	SysEx (43 bytes)
8	5.018186	UNO→EDITOR	SysEx	43	F0 00 21 1A 02 03 00 24 01 00 06 4D 41 52 4B 20 50 41 44 00 20 20 20 20 20 00 00 00 00 00 00 00 00 00 00 00 00 00 00 00 00 00 F7	SysEx (43 bytes)
9	5.038150	UNO→EDITOR	SysEx	43	F0 00 21 1A 02 03 00 24 01 00 07 50 4F 4C 59 20 50 4C 55 43 4B 20 4D 57 00 00 00 00 00 00 00 00 00 00 00 00 00 00 00 00 00 00 F7	SysEx (43 bytes)
10	5.058246	UNO→EDITOR	SysEx	43	F0 00 21 1A 02 03 00 24 01 00 08 52 41 56 45 20 53 54 41 42 00 20 20 20 20 00 00 00 00 00 00 00 00 00 00 00 00 00 00 00 00 00 F7	SysEx (43 bytes)
11	5.078221	UNO→EDITOR	SysEx	43	F0 00 21 1A 02 03 00 24 01 00 09 4F 4E 20 54 48 45 20 53 45 51 00 20 20 20 00 00 00 00 00 00 00 00 00 00 00 00 00 00 00 00 00 F7	SysEx (43 bytes)
12	5.098197	UNO→EDITOR	SysEx	43	F0 00 21 1A 02 03 00 24 01 00 0A 33 52 44 20 4F 46 20 4D 41 52 43 48 00 20 00 00 00 00 00 00 00 00 00 00 00 00 00 00 00 00 00 F7	SysEx (43 bytes)
13	5.128207	UNO→EDITOR	SysEx	43	F0 00 21 1A 02 03 00 24 01 00 0B 53 55 42 4D 45 52 47 45 20 42 41 53 53 00 00 00 00 00 00 00 00 00 00 00 00 00 00 00 00 00 00 F7	SysEx (43 bytes)
14	5.148259	UNO→EDITOR	SysEx	43	F0 00 21 1A 02 03 00 24 01 00 0C 44 41 4E 43 45 00 20 20 20 20 20 20 20 20 00 00 00 00 00 00 00 00 00 00 00 00 00 00 00 00 00 F7	SysEx (43 bytes)
15	5.168230	UNO→EDITOR	SysEx	43	F0 00 21 1A 02 03 00 24 01 00 0D 57 45 45 4B 45 4E 44 20 4C 45 41 44 00 20 00 00 00 00 00 00 00 00 00 00 00 00 00 00 00 00 00 F7	SysEx (43 bytes)
16	5.188153	UNO→EDITOR	SysEx	43	F0 00 21 1A 02 03 00 24 01 00 0E 47 4F 4F 44 47 55 59 20 4C 45 41 44 00 20 00 00 00 00 00 00 00 00 00 00 00 00 00 00 00 00 00 F7	SysEx (43 bytes)
17	5.208144	UNO→EDITOR	SysEx	43	F0 00 21 1A 02 03 00 24 01 00 0F 53 54 52 49 4E 47 4D 41 43 48 49 4E 45 00 00 00 00 00 00 00 00 00 00 00 00 00 00 00 00 00 00 F7	SysEx (43 bytes)
18	5.238216	UNO→EDITOR	SysEx	43	F0 00 21 1A 02 03 00 24 01 00 10 4F 52 47 41 4E 20 44 4F 4E 4F 52 00 20 20 00 00 00 00 00 00 00 00 00 00 00 00 00 00 00 00 00 F7	SysEx (43 bytes)
19	5.268163	UNO→EDITOR	SysEx	43	F0 00 21 1A 02 03 00 24 01 00 11 53 54 52 49 4E 47 20 48 49 54 00 20 20 20 00 00 00 00 00 00 00 00 00 00 00 00 00 00 00 00 00 F7	SysEx (43 bytes)
20	5.278242	UNO→EDITOR	SysEx	43	F0 00 21 1A 02 03 00 24 01 00 12 52 48 59 54 4D 49 4B 20 50 4C 55 43 4B 00 00 00 00 00 00 00 00 00 00 00 00 00 00 00 00 00 00 F7	SysEx (43 bytes)
21	5.288126	UNO→EDITOR	SysEx	43	F0 00 21 1A 02 03 00 24 01 00 13 4B 2D 42 41 53 53 00 20 20 20 20 20 20 20 00 00 00 00 00 00 00 00 00 00 00 00 00 00 00 00 00 F7	SysEx (43 bytes)
22	5.308130	UNO→EDITOR	SysEx	43	F0 00 21 1A 02 03 00 24 01 00 14 4D 4F 4E 53 54 45 52 20 42 41 53 53 00 20 00 00 00 00 00 00 00 00 00 00 00 00 00 00 00 00 00 F7	SysEx (43 bytes)
23	5.328225	UNO→EDITOR	SysEx	43	F0 00 21 1A 02 03 00 24 01 00 15 54 52 41 56 49 53 20 42 41 53 53 00 20 20 00 00 00 00 00 00 00 00 00 00 00 00 00 00 00 00 00 F7	SysEx (43 bytes)
24	5.348173	UNO→EDITOR	SysEx	43	F0 00 21 1A 02 03 00 24 01 00 16 44 55 41 20 42 41 53 53 00 20 20 20 20 20 00 00 00 00 00 00 00 00 00 00 00 00 00 00 00 00 00 F7	SysEx (43 bytes)
25	5.368642	UNO→EDITOR	SysEx	43	F0 00 21 1A 02 03 00 24 01 00 17 44 41 56 45 59 4C 45 41 44 00 20 20 20 20 00 00 00 00 00 00 00 00 00 00 00 00 00 00 00 00 00 F7	SysEx (43 bytes)
26	5.393171	UNO→EDITOR	SysEx	43	F0 00 21 1A 02 03 00 24 01 00 18 45 4D 45 52 20 53 49 4E 45 00 20 20 20 20 00 00 00 00 00 00 00 00 00 00 00 00 00 00 00 00 00 F7	SysEx (43 bytes)
27	5.420827	UNO→EDITOR	SysEx	43	F0 00 21 1A 02 03 00 24 01 00 19 43 49 4E 45 20 48 4F 50 45 53 00 20 20 20 00 00 00 00 00 00 00 00 00 00 00 00 00 00 00 00 00 F7	SysEx (43 bytes)
28	5.445535	UNO→EDITOR	SysEx	43	F0 00 21 1A 02 03 00 24 01 00 1A 53 51 55 41 52 59 00 20 20 20 20 20 20 20 00 00 00 00 00 00 00 00 00 00 00 00 00 00 00 00 00 F7	SysEx (43 bytes)
29	5.471436	UNO→EDITOR	SysEx	43	F0 00 21 1A 02 03 00 24 01 00 1B 43 48 49 4C 4C 20 4B 45 59 53 00 20 20 20 00 00 00 00 00 00 00 00 00 00 00 00 00 00 00 00 00 F7	SysEx (43 bytes)
30	5.502320	UNO→EDITOR	SysEx	43	F0 00 21 1A 02 03 00 24 01 00 1C 43 48 49 4C 4C 20 50 4C 55 43 4B 00 20 20 00 00 00 00 00 00 00 00 00 00 00 00 00 00 00 00 00 F7	SysEx (43 bytes)
31	5.529585	UNO→EDITOR	SysEx	43	F0 00 21 1A 02 03 00 24 01 00 1D 45 4C 45 53 4E 41 52 45 00 20 20 20 20 20 00 00 00 00 00 00 00 00 00 00 00 00 00 00 00 00 00 F7	SysEx (43 bytes)
32	5.562871	UNO→EDITOR	SysEx	43	F0 00 21 1A 02 03 00 24 01 00 1E 4C 49 4B 45 20 41 4E 20 41 4E 49 4D 41 4C 00 00 00 00 00 00 00 00 00 00 00 00 00 00 00 00 00 F7	SysEx (43 bytes)
33	5.590739	UNO→EDITOR	SysEx	43	F0 00 21 1A 02 03 00 24 01 00 1F 54 41 4C 4B 49 4E 47 20 42 41 53 53 00 20 00 00 00 00 00 00 00 00 00 00 00 00 00 00 00 00 00 F7	SysEx (43 bytes)
34	5.616847	UNO→EDITOR	SysEx	43	F0 00 21 1A 02 03 00 24 01 00 20 54 41 55 52 4F 4E 00 20 20 20 20 20 20 20 00 00 00 00 00 00 00 00 00 00 00 00 00 00 00 00 00 F7	SysEx (43 bytes)
35	5.643259	UNO→EDITOR	SysEx	43	F0 00 21 1A 02 03 00 24 01 00 21 4D 4F 54 4F 52 4C 45 41 44 00 20 20 20 20 00 00 00 00 00 00 00 00 00 00 00 00 00 00 00 00 00 F7	SysEx (43 bytes)
36	5.670448	UNO→EDITOR	SysEx	43	F0 00 21 1A 02 03 00 24 01 00 22 46 41 53 54 45 52 00 20 20 20 20 20 20 20 00 00 00 00 00 00 00 00 00 00 00 00 00 00 00 00 00 F7	SysEx (43 bytes)
37	5.702532	UNO→EDITOR	SysEx	43	F0 00 21 1A 02 03 00 24 01 00 23 45 44 47 45 20 52 41 43 45 52 00 20 20 20 00 00 00 00 00 00 00 00 00 00 00 00 00 00 00 00 00 F7	SysEx (43 bytes)
38	5.728903	UNO→EDITOR	SysEx	43	F0 00 21 1A 02 03 00 24 01 00 24 42 52 41 53 53 59 20 50 41 44 00 20 20 20 00 00 00 00 00 00 00 00 00 00 00 00 00 00 00 00 00 F7	SysEx (43 bytes)
39	5.761556	UNO→EDITOR	SysEx	43	F0 00 21 1A 02 03 00 24 01 00 25 4D 57 20 45 43 48 4F 20 4C 45 56 45 4C 00 00 00 00 00 00 00 00 00 00 00 00 00 00 00 00 00 00 F7	SysEx (43 bytes)
40	5.788046	UNO→EDITOR	SysEx	43	F0 00 21 1A 02 03 00 24 01 00 26 48 4F 45 44 4F 57 4E 00 20 20 20 20 20 20 00 00 00 00 00 00 00 00 00 00 00 00 00 00 00 00 00 F7	SysEx (43 bytes)
41	5.815757	UNO→EDITOR	SysEx	43	F0 00 21 1A 02 03 00 24 01 00 27 45 4C 45 54 4F 4D 53 00 20 20 20 20 20 20 00 00 00 00 00 00 00 00 00 00 00 00 00 00 00 00 00 F7	SysEx (43 bytes)
42	5.846972	UNO→EDITOR	SysEx	43	F0 00 21 1A 02 03 00 24 01 00 28 42 41 53 53 20 4D 55 54 45 00 20 20 20 20 00 00 00 00 00 00 00 00 00 00 00 00 00 00 00 00 00 F7	SysEx (43 bytes)
43	5.873000	UNO→EDITOR	SysEx	43	F0 00 21 1A 02 03 00 24 01 00 29 4C 4F 57 20 52 55 4D 42 4C 45 00 20 20 20 00 00 00 00 00 00 00 00 00 00 00 00 00 00 00 00 00 F7	SysEx (43 bytes)
44	5.900198	UNO→EDITOR	SysEx	43	F0 00 21 1A 02 03 00 24 01 00 2A 46 41 54 54 59 20 54 4F 52 4F 00 20 20 20 00 00 00 00 00 00 00 00 00 00 00 00 00 00 00 00 00 F7	SysEx (43 bytes)
45	5.927445	UNO→EDITOR	SysEx	43	F0 00 21 1A 02 03 00 24 01 00 2B 50 52 4F 4D 59 4B 4C 45 41 44 00 20 20 20 00 00 00 00 00 00 00 00 00 00 00 00 00 00 00 00 00 F7	SysEx (43 bytes)
46	5.955334	UNO→EDITOR	SysEx	43	F0 00 21 1A 02 03 00 24 01 00 2C 54 4F 55 43 48 20 4C 45 41 44 00 20 20 20 00 00 00 00 00 00 00 00 00 00 00 00 00 00 00 00 00 F7	SysEx (43 bytes)
47	5.987659	UNO→EDITOR	SysEx	43	F0 00 21 1A 02 03 00 24 01 00 2D 48 45 52 44 20 50 41 44 00 20 20 20 20 20 00 00 00 00 00 00 00 00 00 00 00 00 00 00 00 00 00 F7	SysEx (43 bytes)
48	6.015445	UNO→EDITOR	SysEx	43	F0 00 21 1A 02 03 00 24 01 00 2E 53 41 4E 44 00 20 20 20 20 20 20 20 20 20 00 00 00 00 00 00 00 00 00 00 00 00 00 00 00 00 00 F7	SysEx (43 bytes)
49	6.042919	UNO→EDITOR	SysEx	43	F0 00 21 1A 02 03 00 24 01 00 2F 54 4F 59 53 00 20 20 20 20 20 20 20 20 20 00 00 00 00 00 00 00 00 00 00 00 00 00 00 00 00 00 F7	SysEx (43 bytes)
50	6.071613	UNO→EDITOR	SysEx	43	F0 00 21 1A 02 03 00 24 01 00 30 4D 57 20 42 49 47 20 42 41 4D 42 4F 4F 00 00 00 00 00 00 00 00 00 00 00 00 00 00 00 00 00 00 F7	SysEx (43 bytes)
51	6.105530	UNO→EDITOR	SysEx	43	F0 00 21 1A 02 03 00 24 01 00 31 42 4C 41 44 45 20 53 45 51 00 20 20 20 20 00 00 00 00 00 00 00 00 00 00 00 00 00 00 00 00 00 F7	SysEx (43 bytes)
52	6.136001	UNO→EDITOR	SysEx	43	F0 00 21 1A 02 03 00 24 01 00 32 54 2D 42 41 53 53 00 20 20 20 20 20 20 20 00 00 00 00 00 00 00 00 00 00 00 00 00 00 00 00 00 F7	SysEx (43 bytes)
53	6.162524	UNO→EDITOR	SysEx	43	F0 00 21 1A 02 03 00 24 01 00 33 34 54 48 20 4A 55 4C 59 00 20 20 20 20 20 00 00 00 00 00 00 00 00 00 00 00 00 00 00 00 00 00 F7	SysEx (43 bytes)
54	6.191761	UNO→EDITOR	SysEx	43	F0 00 21 1A 02 03 00 24 01 00 34 46 41 4B 45 20 38 30 38 00 20 20 20 20 20 00 00 00 00 00 00 00 00 00 00 00 00 00 00 00 00 00 F7	SysEx (43 bytes)
55	6.220511	UNO→EDITOR	SysEx	43	F0 00 21 1A 02 03 00 24 01 00 35 46 4D 20 4C 45 41 44 00 20 20 20 20 20 20 00 00 00 00 00 00 00 00 00 00 00 00 00 00 00 00 00 F7	SysEx (43 bytes)
56	6.253558	UNO→EDITOR	SysEx	43	F0 00 21 1A 02 03 00 24 01 00 36 4D 41 53 53 00 20 20 20 20 20 20 20 20 20 00 00 00 00 00 00 00 00 00 00 00 00 00 00 00 00 00 F7	SysEx (43 bytes)
57	6.281210	UNO→EDITOR	SysEx	43	F0 00 21 1A 02 03 00 24 01 00 37 50 55 4C 53 49 4E 47 20 50 41 44 00 20 20 00 00 00 00 00 00 00 00 00 00 00 00 00 00 00 00 00 F7	SysEx (43 bytes)
58	6.308822	UNO→EDITOR	SysEx	43	F0 00 21 1A 02 03 00 24 01 00 38 43 41 52 56 45 4C 50 41 44 00 20 20 20 20 00 00 00 00 00 00 00 00 00 00 00 00 00 00 00 00 00 F7	SysEx (43 bytes)
59	6.335615	UNO→EDITOR	SysEx	43	F0 00 21 1A 02 03 00 24 01 00 39 53 59 4E 43 4F 50 48 41 4E 54 00 20 20 20 00 00 00 00 00 00 00 00 00 00 00 00 00 00 00 00 00 F7	SysEx (43 bytes)
60	6.368103	UNO→EDITOR	SysEx	43	F0 00 21 1A 02 03 00 24 01 00 3A 44 41 46 54 20 46 55 4E 4B 00 20 20 20 20 00 00 00 00 00 00 00 00 00 00 00 00 00 00 00 00 00 F7	SysEx (43 bytes)
61	6.401419	UNO→EDITOR	SysEx	43	F0 00 21 1A 02 03 00 24 01 00 3B 53 54 45 45 4C 20 44 52 4D 00 20 20 20 20 00 00 00 00 00 00 00 00 00 00 00 00 00 00 00 00 00 F7	SysEx (43 bytes)
62	6.427819	UNO→EDITOR	SysEx	43	F0 00 21 1A 02 03 00 24 01 00 3C 52 49 54 48 4D 49 4B 20 42 41 53 53 00 20 00 00 00 00 00 00 00 00 00 00 00 00 00 00 00 00 00 F7	SysEx (43 bytes)
63	6.453549	UNO→EDITOR	SysEx	43	F0 00 21 1A 02 03 00 24 01 00 3D 41 43 48 45 55 41 20 42 41 53 53 00 20 20 00 00 00 00 00 00 00 00 00 00 00 00 00 00 00 00 00 F7	SysEx (43 bytes)
64	6.478605	UNO→EDITOR	SysEx	43	F0 00 21 1A 02 03 00 24 01 00 3E 48 45 58 41 5F 42 41 53 53 00 20 20 20 20 00 00 00 00 00 00 00 00 00 00 00 00 00 00 00 00 00 F7	SysEx (43 bytes)
65	6.504441	UNO→EDITOR	SysEx	43	F0 00 21 1A 02 03 00 24 01 00 3F 54 52 41 50 20 53 59 4E 54 48 00 20 20 20 00 00 00 00 00 00 00 00 00 00 00 00 00 00 00 00 00 F7	SysEx (43 bytes)
66	6.531415	UNO→EDITOR	SysEx	43	F0 00 21 1A 02 03 00 24 01 00 40 41 46 54 45 52 20 53 59 4E 43 00 20 20 20 00 00 00 00 00 00 00 00 00 00 00 00 00 00 00 00 00 F7	SysEx (43 bytes)
67	6.561228	UNO→EDITOR	SysEx	43	F0 00 21 1A 02 03 00 24 01 00 41 43 4C 41 53 53 20 53 54 52 49 4E 47 00 20 00 00 00 00 00 00 00 00 00 00 00 00 00 00 00 00 00 F7	SysEx (43 bytes)
68	6.591705	UNO→EDITOR	SysEx	43	F0 00 21 1A 02 03 00 24 01 00 42 49 4E 54 4F 20 54 48 45 20 42 4C 55 45 00 00 00 00 00 00 00 00 00 00 00 00 00 00 00 00 00 00 F7	SysEx (43 bytes)
69	6.627601	UNO→EDITOR	SysEx	43	F0 00 21 1A 02 03 00 24 01 00 43 4A 41 52 20 50 4C 55 43 4B 00 20 20 20 20 00 00 00 00 00 00 00 00 00 00 00 00 00 00 00 00 00 F7	SysEx (43 bytes)
70	6.657119	UNO→EDITOR	SysEx	43	F0 00 21 1A 02 03 00 24 01 00 44 45 53 50 52 45 53 53 49 56 4F 00 20 20 20 00 00 00 00 00 00 00 00 00 00 00 00 00 00 00 00 00 F7	SysEx (43 bytes)
71	6.686442	UNO→EDITOR	SysEx	43	F0 00 21 1A 02 03 00 24 01 00 45 53 57 45 45 45 45 45 45 45 45 45 45 50 00 00 00 00 00 00 00 00 00 00 00 00 00 00 00 00 00 00 F7	SysEx (43 bytes)
72	6.715403	UNO→EDITOR	SysEx	43	F0 00 21 1A 02 03 00 24 01 00 46 42 45 4C 4F 57 20 42 41 53 53 00 20 20 20 00 00 00 00 00 00 00 00 00 00 00 00 00 00 00 00 00 F7	SysEx (43 bytes)
73	6.746584	UNO→EDITOR	SysEx	43	F0 00 21 1A 02 03 00 24 01 00 47 48 45 41 56 59 20 54 4F 52 51 55 45 00 20 00 00 00 00 00 00 00 00 00 00 00 00 00 00 00 00 00 F7	SysEx (43 bytes)
74	6.779990	UNO→EDITOR	SysEx	43	F0 00 21 1A 02 03 00 24 01 00 48 51 55 49 43 4B 4C 59 20 4E 4F 57 00 20 20 00 00 00 00 00 00 00 00 00 00 00 00 00 00 00 00 00 F7	SysEx (43 bytes)
75	6.810132	UNO→EDITOR	SysEx	43	F0 00 21 1A 02 03 00 24 01 00 49 57 48 45 45 4C 20 4C 45 41 44 00 20 20 20 00 00 00 00 00 00 00 00 00 00 00 00 00 00 00 00 00 F7	SysEx (43 bytes)
76	6.845502	UNO→EDITOR	SysEx	43	F0 00 21 1A 02 03 00 24 01 00 4A 4D 45 41 4E 54 45 44 44 59 00 20 20 20 20 00 00 00 00 00 00 00 00 00 00 00 00 00 00 00 00 00 F7	SysEx (43 bytes)
77	6.873172	UNO→EDITOR	SysEx	43	F0 00 21 1A 02 03 00 24 01 00 4B 47 4C 41 53 53 20 4B 45 59 53 00 20 20 20 00 00 00 00 00 00 00 00 00 00 00 00 00 00 00 00 00 F7	SysEx (43 bytes)
78	6.901324	UNO→EDITOR	SysEx	43	F0 00 21 1A 02 03 00 24 01 00 4C 57 45 45 4B 45 4E 44 20 50 41 44 00 20 20 00 00 00 00 00 00 00 00 00 00 00 00 00 00 00 00 00 F7	SysEx (43 bytes)
79	6.901661	UNO→EDITOR	SysEx	43	F0 00 21 1A 02 03 00 24 01 00 4D 41 42 42 41 20 44 4F 4E 00 20 20 20 20 20 00 00 00 00 00 00 00 00 00 00 00 00 00 00 00 00 00 F7	SysEx (43 bytes)
80	6.938114	UNO→EDITOR	SysEx	43	F0 00 21 1A 02 03 00 24 01 00 4E 41 51 55 41 2D 54 52 49 00 20 20 20 20 20 00 00 00 00 00 00 00 00 00 00 00 00 00 00 00 00 00 F7	SysEx (43 bytes)
81	6.970730	UNO→EDITOR	SysEx	43	F0 00 21 1A 02 03 00 24 01 00 4F 50 45 41 52 4C 53 00 20 20 20 20 20 20 20 00 00 00 00 00 00 00 00 00 00 00 00 00 00 00 00 00 F7	SysEx (43 bytes)
82	7.000387	UNO→EDITOR	SysEx	43	F0 00 21 1A 02 03 00 24 01 00 50 50 55 4E 43 48 20 42 41 53 53 20 34 00 20 00 00 00 00 00 00 00 00 00 00 00 00 00 00 00 00 00 F7	SysEx (43 bytes)
83	7.030016	UNO→EDITOR	SysEx	43	F0 00 21 1A 02 03 00 24 01 00 51 53 48 41 44 59 20 42 41 53 53 00 20 20 20 00 00 00 00 00 00 00 00 00 00 00 00 00 00 00 00 00 F7	SysEx (43 bytes)
84	7.059462	UNO→EDITOR	SysEx	43	F0 00 21 1A 02 03 00 24 01 00 52 4C 55 43 4B 59 00 20 20 20 20 20 20 20 20 00 00 00 00 00 00 00 00 00 00 00 00 00 00 00 00 00 F7	SysEx (43 bytes)
85	7.092755	UNO→EDITOR	SysEx	43	F0 00 21 1A 02 03 00 24 01 00 53 57 41 52 4D 20 41 52 50 45 47 47 49 4F 00 00 00 00 00 00 00 00 00 00 00 00 00 00 00 00 00 00 F7	SysEx (43 bytes)
86	7.118438	UNO→EDITOR	SysEx	43	F0 00 21 1A 02 03 00 24 01 00 54 42 49 47 4C 45 42 4F 57 53 4B 49 00 20 20 00 00 00 00 00 00 00 00 00 00 00 00 00 00 00 00 00 F7	SysEx (43 bytes)
87	7.144048	UNO→EDITOR	SysEx	43	F0 00 21 1A 02 03 00 24 01 00 55 54 48 41 20 50 41 44 00 20 20 20 20 20 20 00 00 00 00 00 00 00 00 00 00 00 00 00 00 00 00 00 F7	SysEx (43 bytes)
88	7.170092	UNO→EDITOR	SysEx	43	F0 00 21 1A 02 03 00 24 01 00 56 44 49 53 54 4F 50 49 41 4E 00 20 20 20 20 00 00 00 00 00 00 00 00 00 00 00 00 00 00 00 00 00 F7	SysEx (43 bytes)
89	7.197914	UNO→EDITOR	SysEx	43	F0 00 21 1A 02 03 00 24 01 00 57 42 45 47 49 4E 00 20 20 20 20 20 20 20 20 00 00 00 00 00 00 00 00 00 00 00 00 00 00 00 00 00 F7	SysEx (43 bytes)
90	7.224307	UNO→EDITOR	SysEx	43	F0 00 21 1A 02 03 00 24 01 00 58 46 52 4F 4D 20 49 4E 53 49 44 45 00 20 20 00 00 00 00 00 00 00 00 00 00 00 00 00 00 00 00 00 F7	SysEx (43 bytes)
91	7.262245	UNO→EDITOR	SysEx	43	F0 00 21 1A 02 03 00 24 01 00 59 50 41 43 2D 57 4F 4D 41 4E 00 20 20 20 20 00 00 00 00 00 00 00 00 00 00 00 00 00 00 00 00 00 F7	SysEx (43 bytes)
92	7.301706	UNO→EDITOR	SysEx	43	F0 00 21 1A 02 03 00 24 01 00 5A 46 41 53 53 20 42 4D 00 20 20 20 20 20 20 00 00 00 00 00 00 00 00 00 00 00 00 00 00 00 00 00 F7	SysEx (43 bytes)
93	7.332146	UNO→EDITOR	SysEx	43	F0 00 21 1A 02 03 00 24 01 00 5B 50 55 4E 43 48 20 42 41 53 53 20 32 00 20 00 00 00 00 00 00 00 00 00 00 00 00 00 00 00 00 00 F7	SysEx (43 bytes)
94	7.360858	UNO→EDITOR	SysEx	43	F0 00 21 1A 02 03 00 24 01 00 5C 42 41 53 53 20 41 4E 44 20 44 52 55 4D 00 00 00 00 00 00 00 00 00 00 00 00 00 00 00 00 00 00 F7	SysEx (43 bytes)
95	7.388724	UNO→EDITOR	SysEx	43	F0 00 21 1A 02 03 00 24 01 00 5D 54 49 54 41 4E 49 43 20 53 59 4E 43 00 20 00 00 00 00 00 00 00 00 00 00 00 00 00 00 00 00 00 F7	SysEx (43 bytes)
96	7.419425	UNO→EDITOR	SysEx	43	F0 00 21 1A 02 03 00 24 01 00 5E 4F 43 54 41 56 45 53 20 4C 45 41 44 00 20 00 00 00 00 00 00 00 00 00 00 00 00 00 00 00 00 00 F7	SysEx (43 bytes)
97	7.447952	UNO→EDITOR	SysEx	43	F0 00 21 1A 02 03 00 24 01 00 5F 53 4F 46 54 20 43 48 4F 49 52 20 4D 57 00 00 00 00 00 00 00 00 00 00 00 00 00 00 00 00 00 00 F7	SysEx (43 bytes)
98	7.475140	UNO→EDITOR	SysEx	43	F0 00 21 1A 02 03 00 24 01 00 60 4F 49 4C 20 42 41 54 48 00 20 20 20 20 20 00 00 00 00 00 00 00 00 00 00 00 00 00 00 00 00 00 F7	SysEx (43 bytes)
99	7.500364	UNO→EDITOR	SysEx	43	F0 00 21 1A 02 03 00 24 01 00 61 47 54 52 20 48 45 52 4F 49 4E 45 00 20 20 00 00 00 00 00 00 00 00 00 00 00 00 00 00 00 00 00 F7	SysEx (43 bytes)
100	7.525517	UNO→EDITOR	SysEx	43	F0 00 21 1A 02 03 00 24 01 00 62 4B 4F 54 54 59 00 20 20 20 20 20 20 20 20 00 00 00 00 00 00 00 00 00 00 00 00 00 00 00 00 00 F7	SysEx (43 bytes)
101	7.550771	UNO→EDITOR	SysEx	43	F0 00 21 1A 02 03 00 24 01 00 63 55 4B 20 4C 4F 56 45 00 20 20 20 20 20 20 00 00 00 00 00 00 00 00 00 00 00 00 00 00 00 00 00 F7	SysEx (43 bytes)
102	7.576490	UNO→EDITOR	SysEx	43	F0 00 21 1A 02 03 00 24 01 00 64 50 55 4E 4B 45 52 53 20 42 41 53 53 00 20 00 00 00 00 00 00 00 00 00 00 00 00 00 00 00 00 00 F7	SysEx (43 bytes)
103	7.609046	UNO→EDITOR	SysEx	43	F0 00 21 1A 02 03 00 24 01 00 65 42 41 53 53 20 54 52 4F 55 42 4C 45 00 20 00 00 00 00 00 00 00 00 00 00 00 00 00 00 00 00 00 F7	SysEx (43 bytes)
104	7.634641	UNO→EDITOR	SysEx	43	F0 00 21 1A 02 03 00 24 01 00 66 46 55 54 55 52 45 20 42 41 53 53 00 20 20 00 00 00 00 00 00 00 00 00 00 00 00 00 00 00 00 00 F7	SysEx (43 bytes)
105	7.660297	UNO→EDITOR	SysEx	43	F0 00 21 1A 02 03 00 24 01 00 67 53 55 42 44 49 56 49 44 45 00 20 20 20 20 00 00 00 00 00 00 00 00 00 00 00 00 00 00 00 00 00 F7	SysEx (43 bytes)
106	7.685383	UNO→EDITOR	SysEx	43	F0 00 21 1A 02 03 00 24 01 00 68 53 54 4F 52 59 20 49 4E 20 4C 41 00 20 20 00 00 00 00 00 00 00 00 00 00 00 00 00 00 00 00 00 F7	SysEx (43 bytes)
107	7.715856	UNO→EDITOR	SysEx	43	F0 00 21 1A 02 03 00 24 01 00 69 4D 4F 44 55 2D 53 57 45 45 50 00 20 20 20 00 00 00 00 00 00 00 00 00 00 00 00 00 00 00 00 00 F7	SysEx (43 bytes)
108	7.742347	UNO→EDITOR	SysEx	43	F0 00 21 1A 02 03 00 24 01 00 6A 57 4F 42 42 4C 59 20 50 41 44 00 20 20 20 00 00 00 00 00 00 00 00 00 00 00 00 00 00 00 00 00 F7	SysEx (43 bytes)
109	7.767640	UNO→EDITOR	SysEx	43	F0 00 21 1A 02 03 00 24 01 00 6B 4C 49 51 55 49 44 20 54 48 4F 55 47 48 54 00 00 00 00 00 00 00 00 00 00 00 00 00 00 00 00 00 F7	SysEx (43 bytes)
110	7.798311	UNO→EDITOR	SysEx	43	F0 00 21 1A 02 03 00 24 01 00 6C 52 45 56 20 42 52 41 53 53 00 20 20 20 20 00 00 00 00 00 00 00 00 00 00 00 00 00 00 00 00 00 F7	SysEx (43 bytes)
111	7.824119	UNO→EDITOR	SysEx	43	F0 00 21 1A 02 03 00 24 01 00 6D 41 4C 41 52 4D 45 52 00 20 20 20 20 20 20 00 00 00 00 00 00 00 00 00 00 00 00 00 00 00 00 00 F7	SysEx (43 bytes)
112	7.850269	UNO→EDITOR	SysEx	43	F0 00 21 1A 02 03 00 24 01 00 6E 55 50 20 42 41 53 53 00 20 20 20 20 20 20 00 00 00 00 00 00 00 00 00 00 00 00 00 00 00 00 00 F7	SysEx (43 bytes)
113	7.875653	UNO→EDITOR	SysEx	43	F0 00 21 1A 02 03 00 24 01 00 6F 43 4F 4E 46 4F 52 4D 20 42 41 53 53 00 20 00 00 00 00 00 00 00 00 00 00 00 00 00 00 00 00 00 F7	SysEx (43 bytes)
114	7.900613	UNO→EDITOR	SysEx	43	F0 00 21 1A 02 03 00 24 01 00 70 56 41 50 4F 52 20 42 41 53 53 00 20 20 20 00 00 00 00 00 00 00 00 00 00 00 00 00 00 00 00 00 F7	SysEx (43 bytes)
115	7.926165	UNO→EDITOR	SysEx	43	F0 00 21 1A 02 03 00 24 01 00 71 4E 45 55 52 4F 42 4C 41 53 54 45 52 00 20 00 00 00 00 00 00 00 00 00 00 00 00 00 00 00 00 00 F7	SysEx (43 bytes)
116	7.951411	UNO→EDITOR	SysEx	43	F0 00 21 1A 02 03 00 24 01 00 72 57 41 54 45 52 4C 45 41 44 00 20 20 20 20 00 00 00 00 00 00 00 00 00 00 00 00 00 00 00 00 00 F7	SysEx (43 bytes)
117	7.978935	UNO→EDITOR	SysEx	43	F0 00 21 1A 02 03 00 24 01 00 73 49 4E 41 49 52 20 50 41 44 00 20 20 20 20 00 00 00 00 00 00 00 00 00 00 00 00 00 00 00 00 00 F7	SysEx (43 bytes)
118	8.008388	UNO→EDITOR	SysEx	43	F0 00 21 1A 02 03 00 24 01 00 74 4D 49 4E 4F 52 49 54 59 00 20 20 20 20 20 00 00 00 00 00 00 00 00 00 00 00 00 00 00 00 00 00 F7	SysEx (43 bytes)
119	8.033819	UNO→EDITOR	SysEx	43	F0 00 21 1A 02 03 00 24 01 00 75 52 45 53 4F 20 50 41 44 00 20 20 20 20 20 00 00 00 00 00 00 00 00 00 00 00 00 00 00 00 00 00 F7	SysEx (43 bytes)
120	8.060241	UNO→EDITOR	SysEx	43	F0 00 21 1A 02 03 00 24 01 00 76 50 52 41 59 45 52 00 20 20 20 20 20 20 20 00 00 00 00 00 00 00 00 00 00 00 00 00 00 00 00 00 F7	SysEx (43 bytes)
121	8.085242	UNO→EDITOR	SysEx	43	F0 00 21 1A 02 03 00 24 01 00 77 49 4E 52 55 53 48 20 43 55 52 52 45 4E 54 00 00 00 00 00 00 00 00 00 00 00 00 00 00 00 00 00 F7	SysEx (43 bytes)
122	8.110459	UNO→EDITOR	SysEx	43	F0 00 21 1A 02 03 00 24 01 00 78 4C 49 51 55 49 44 20 42 41 53 53 00 20 20 00 00 00 00 00 00 00 00 00 00 00 00 00 00 00 00 00 F7	SysEx (43 bytes)
123	8.135980	UNO→EDITOR	SysEx	43	F0 00 21 1A 02 03 00 24 01 00 79 44 41 52 4B 20 55 50 52 49 47 48 54 00 20 00 00 00 00 00 00 00 00 00 00 00 00 00 00 00 00 00 F7	SysEx (43 bytes)
124	8.162720	UNO→EDITOR	SysEx	43	F0 00 21 1A 02 03 00 24 01 00 7A 50 55 4E 43 48 20 42 41 53 53 20 31 00 20 00 00 00 00 00 00 00 00 00 00 00 00 00 00 00 00 00 F7	SysEx (43 bytes)
125	8.194528	UNO→EDITOR	SysEx	43	F0 00 21 1A 02 03 00 24 01 00 7B 4B 41 52 4E 20 31 00 20 20 20 20 20 20 20 00 00 00 00 00 00 00 00 00 00 00 00 00 00 00 00 00 F7	SysEx (43 bytes)
126	8.220279	UNO→EDITOR	SysEx	43	F0 00 21 1A 02 03 00 24 01 00 7C 44 55 42 53 54 45 50 20 4C 45 41 44 00 20 00 00 00 00 00 00 00 00 00 00 00 00 00 00 00 00 00 F7	SysEx (43 bytes)
127	8.246018	UNO→EDITOR	SysEx	43	F0 00 21 1A 02 03 00 24 01 00 7D 4C 41 5A 59 00 20 20 20 20 20 20 20 20 20 00 00 00 00 00 00 00 00 00 00 00 00 00 00 00 00 00 F7	SysEx (43 bytes)
128	8.271435	UNO→EDITOR	SysEx	43	F0 00 21 1A 02 03 00 24 01 00 7E 43 4F 4E 43 4F 52 44 49 41 00 20 20 20 20 00 00 00 00 00 00 00 00 00 00 00 00 00 00 00 00 00 F7	SysEx (43 bytes)
129	8.296714	UNO→EDITOR	SysEx	43	F0 00 21 1A 02 03 00 24 01 00 7F 54 41 4B 45 20 4F 4E 20 4D 45 00 20 20 20 00 00 00 00 00 00 00 00 00 00 00 00 00 00 00 00 00 F7	SysEx (43 bytes)
130	8.328382	UNO→EDITOR	SysEx	43	F0 00 21 1A 02 03 00 24 01 01 00 49 6E 69 74 20 50 72 65 73 65 74 00 00 00 00 00 00 00 00 00 00 00 00 00 00 00 00 00 00 00 00 F7	SysEx (43 bytes)
131	8.354666	UNO→EDITOR	SysEx	43	F0 00 21 1A 02 03 00 24 01 01 01 32 77 32 00 00 00 00 00 00 00 00 00 00 00 00 00 00 00 00 00 00 00 00 00 00 00 00 00 00 00 00 F7	SysEx (43 bytes)
132	8.381791	UNO→EDITOR	SysEx	43	F0 00 21 1A 02 03 00 24 01 01 02 61 62 6F 62 61 33 32 32 38 00 00 00 00 00 00 00 00 00 00 00 00 00 00 00 00 00 00 00 00 00 57 F7	SysEx (43 bytes)
133	8.412039	UNO→EDITOR	SysEx	43	F0 00 21 1A 02 03 00 24 01 01 03 41 6C 74 57 6F 6F 64 00 00 00 00 00 00 00 00 00 00 00 00 00 00 00 00 00 00 00 00 00 00 00 57 F7	SysEx (43 bytes)
134	8.437314	UNO→EDITOR	SysEx	43	F0 00 21 1A 02 03 00 24 01 01 04 41 70 72 69 6C 20 6D 61 72 63 68 00 00 00 00 00 00 00 00 00 00 00 00 00 00 00 00 00 00 00 00 F7	SysEx (43 bytes)
135	8.462566	UNO→EDITOR	SysEx	43	F0 00 21 1A 02 03 00 24 01 01 05 41 72 70 50 68 61 7A 65 64 00 00 00 00 00 00 00 00 00 00 00 00 00 00 00 00 00 00 00 00 00 27 F7	SysEx (43 bytes)
136	8.489513	UNO→EDITOR	SysEx	43	F0 00 21 1A 02 03 00 24 01 01 06 42 61 73 73 4F 73 73 00 00 00 00 00 00 00 00 00 00 00 00 00 00 00 00 00 00 00 00 00 00 00 00 F7	SysEx (43 bytes)
137	8.514729	UNO→EDITOR	SysEx	43	F0 00 21 1A 02 03 00 24 01 01 07 42 61 73 73 50 69 73 74 6F 6E 00 00 00 00 00 00 00 00 00 00 00 00 00 00 00 00 00 00 00 00 03 F7	SysEx (43 bytes)
138	8.540212	UNO→EDITOR	SysEx	43	F0 00 21 1A 02 03 00 24 01 01 08 42 6C 61 64 65 00 00 00 00 00 00 00 00 00 00 00 00 00 00 00 00 00 00 00 00 00 00 00 00 00 1B F7	SysEx (43 bytes)
139	8.565399	UNO→EDITOR	SysEx	43	F0 00 21 1A 02 03 00 24 01 01 09 42 6F 75 6E 63 65 00 00 00 00 00 00 00 00 00 00 00 00 00 00 00 00 00 00 00 00 00 00 00 00 6B F7	SysEx (43 bytes)
140	8.598078	UNO→EDITOR	SysEx	43	F0 00 21 1A 02 03 00 24 01 01 0A 42 72 61 63 6B 20 78 61 73 73 00 00 00 00 00 00 00 00 00 00 00 00 00 00 00 00 00 00 00 00 69 F7	SysEx (43 bytes)
141	8.623311	UNO→EDITOR	SysEx	43	F0 00 21 1A 02 03 00 24 01 01 0B 43 6C 61 76 69 72 00 00 00 00 00 00 00 00 00 00 00 00 00 00 00 00 00 00 00 00 00 00 00 00 54 F7	SysEx (43 bytes)
142	8.648880	UNO→EDITOR	SysEx	43	F0 00 21 1A 02 03 00 24 01 01 0C 44 61 62 53 61 62 00 00 00 00 00 00 00 00 00 00 00 00 00 00 00 00 00 00 00 00 00 00 00 00 43 F7	SysEx (43 bytes)
143	8.674129	UNO→EDITOR	SysEx	43	F0 00 21 1A 02 03 00 24 01 01 0D 44 69 56 61 00 00 00 00 00 00 00 00 00 00 00 00 00 00 00 00 00 00 00 00 00 00 00 00 00 00 00 F7	SysEx (43 bytes)
144	8.699889	UNO→EDITOR	SysEx	43	F0 00 21 1A 02 03 00 24 01 01 0E 44 52 44 44 47 00 00 00 00 00 00 00 00 00 00 00 00 00 00 00 00 00 00 00 00 00 00 00 00 00 00 F7	SysEx (43 bytes)
145	8.725065	UNO→EDITOR	SysEx	43	F0 00 21 1A 02 03 00 24 01 01 0F 44 52 49 4D 4A 00 00 00 00 00 00 00 00 00 00 00 00 00 00 00 00 00 00 00 00 00 00 00 00 00 00 F7	SysEx (43 bytes)
146	8.750591	UNO→EDITOR	SysEx	43	F0 00 21 1A 02 03 00 24 01 01 10 45 72 79 65 6D 61 00 00 00 00 00 00 00 00 00 00 00 00 00 00 00 00 00 00 00 00 00 00 00 00 2B F7	SysEx (43 bytes)
147	8.775899	UNO→EDITOR	SysEx	43	F0 00 21 1A 02 03 00 24 01 01 11 47 6F 6C 64 00 00 00 00 00 00 00 00 00 00 00 00 00 00 00 00 00 00 00 00 00 00 00 00 00 00 00 F7	SysEx (43 bytes)
148	8.808684	UNO→EDITOR	SysEx	43	F0 00 21 1A 02 03 00 24 01 01 12 4C 61 64 6F 67 61 00 00 00 00 00 00 00 00 00 00 00 00 00 00 00 00 00 00 00 00 00 00 00 00 00 F7	SysEx (43 bytes)
149	8.834177	UNO→EDITOR	SysEx	43	F0 00 21 1A 02 03 00 24 01 01 13 4C 65 66 74 00 00 00 00 00 00 00 00 00 00 00 00 00 00 00 00 00 00 00 00 00 00 00 00 00 00 7F F7	SysEx (43 bytes)
150	8.859517	UNO→EDITOR	SysEx	43	F0 00 21 1A 02 03 00 24 01 01 14 4D 61 73 74 6F 64 6F 6E 00 00 00 00 00 00 00 00 00 00 00 00 00 00 00 00 00 00 00 00 00 00 5F F7	SysEx (43 bytes)
151	8.884897	UNO→EDITOR	SysEx	43	F0 00 21 1A 02 03 00 24 01 01 15 4D 65 6C 6F 64 69 63 61 00 00 00 00 00 00 00 00 00 00 00 00 00 00 00 00 00 00 00 00 00 00 00 F7	SysEx (43 bytes)
152	8.914515	UNO→EDITOR	SysEx	43	F0 00 21 1A 02 03 00 24 01 01 16 4D 69 6C 74 6F 6E 00 00 00 00 00 00 00 00 00 00 00 00 00 00 00 00 00 00 00 00 00 00 00 00 00 F7	SysEx (43 bytes)
153	8.942304	UNO→EDITOR	SysEx	43	F0 00 21 1A 02 03 00 24 01 01 17 4F 63 68 65 72 00 00 00 00 00 00 00 00 00 00 00 00 00 00 00 00 00 00 00 00 00 00 00 00 00 43 F7	SysEx (43 bytes)
154	8.968082	UNO→EDITOR	SysEx	43	F0 00 21 1A 02 03 00 24 01 01 18 4F 6C 64 43 6F 62 61 6C 74 00 00 00 00 00 00 00 00 00 00 00 00 00 00 00 00 00 00 00 00 00 00 F7	SysEx (43 bytes)
155	8.993529	UNO→EDITOR	SysEx	43	F0 00 21 1A 02 03 00 24 01 01 19 4F 72 69 6F 00 00 00 00 00 00 00 00 00 00 00 00 00 00 00 00 00 00 00 00 00 00 00 00 00 00 00 F7	SysEx (43 bytes)
156	9.025428	UNO→EDITOR	SysEx	43	F0 00 21 1A 02 03 00 24 01 01 1A 4F 74 74 6F 00 00 00 00 00 00 00 00 00 00 00 00 00 00 00 00 00 00 00 00 00 00 00 00 00 00 73 F7	SysEx (43 bytes)
157	9.051061	UNO→EDITOR	SysEx	43	F0 00 21 1A 02 03 00 24 01 01 1B 53 45 6E 6F 00 00 00 00 00 00 00 00 00 00 00 00 00 00 00 00 00 00 00 00 00 00 00 00 00 00 00 F7	SysEx (43 bytes)
158	9.076303	UNO→EDITOR	SysEx	43	F0 00 21 1A 02 03 00 24 01 01 1C 53 65 51 00 00 00 00 00 00 00 00 00 00 00 00 00 00 00 00 00 00 00 00 00 00 00 00 00 00 00 7B F7	SysEx (43 bytes)
159	9.101604	UNO→EDITOR	SysEx	43	F0 00 21 1A 02 03 00 24 01 01 1D 53 65 71 33 65 00 00 00 00 00 00 00 00 00 00 00 00 00 00 00 00 00 00 00 00 00 00 00 00 00 6F F7	SysEx (43 bytes)
160	9.127167	UNO→EDITOR	SysEx	43	F0 00 21 1A 02 03 00 24 01 01 1E 53 49 6C 69 63 6F 6E 65 00 00 00 00 00 00 00 00 00 00 00 00 00 00 00 00 00 00 00 00 00 00 67 F7	SysEx (43 bytes)
161	9.152631	UNO→EDITOR	SysEx	43	F0 00 21 1A 02 03 00 24 01 01 1F 53 6C 69 63 6B 53 75 70 65 72 35 74 68 73 00 00 00 00 00 00 00 00 00 00 00 00 00 00 00 00 57 F7	SysEx (43 bytes)
162	9.177814	UNO→EDITOR	SysEx	43	F0 00 21 1A 02 03 00 24 01 01 20 53 74 72 5F 4C 65 61 64 00 00 00 00 00 00 00 00 00 00 00 00 00 00 00 00 00 00 00 00 00 00 00 F7	SysEx (43 bytes)
163	9.211794	UNO→EDITOR	SysEx	43	F0 00 21 1A 02 03 00 24 01 01 21 53 74 72 69 6E 67 5F 51 75 61 72 74 65 74 00 00 00 00 00 00 00 00 00 00 00 00 00 00 00 00 00 F7	SysEx (43 bytes)
164	9.237093	UNO→EDITOR	SysEx	43	F0 00 21 1A 02 03 00 24 01 01 22 73 75 69 00 00 00 00 00 00 00 00 00 00 00 00 00 00 00 00 00 00 00 00 00 00 00 00 00 00 00 00 F7	SysEx (43 bytes)
165	9.262287	UNO→EDITOR	SysEx	43	F0 00 21 1A 02 03 00 24 01 01 23 54 65 6D 70 00 00 00 00 00 00 00 00 00 00 00 00 00 00 00 00 00 00 00 00 00 00 00 00 00 00 7F F7	SysEx (43 bytes)
166	9.287534	UNO→EDITOR	SysEx	43	F0 00 21 1A 02 03 00 24 01 01 24 74 68 72 6F 75 67 68 00 00 00 00 00 00 00 00 00 00 00 00 00 00 00 00 00 00 00 00 00 00 00 5F F7	SysEx (43 bytes)
167	9.312737	UNO→EDITOR	SysEx	43	F0 00 21 1A 02 03 00 24 01 01 25 6C 65 61 64 20 4D 6F 64 00 00 00 00 00 00 00 00 00 00 00 00 00 00 00 00 00 00 00 00 00 00 00 F7	SysEx (43 bytes)
168	9.338104	UNO→EDITOR	SysEx	43	F0 00 21 1A 02 03 00 24 01 01 26 4A 75 6E 6F 20 53 71 75 50 61 64 00 00 00 00 00 00 00 00 00 00 00 00 00 00 00 00 00 00 00 6B F7	SysEx (43 bytes)
169	9.363395	UNO→EDITOR	SysEx	43	F0 00 21 1A 02 03 00 24 01 01 27 4D 6F 6F 67 20 42 61 73 73 00 00 00 00 00 00 00 00 00 00 00 00 00 00 00 00 00 00 00 00 00 00 F7	SysEx (43 bytes)
170	9.395047	UNO→EDITOR	SysEx	43	F0 00 21 1A 02 03 00 24 01 01 28 47 4F 52 4B 59 00 00 00 00 00 00 00 00 00 00 00 00 00 00 00 00 00 00 00 00 00 00 00 00 00 00 F7	SysEx (43 bytes)
171	9.421062	UNO→EDITOR	SysEx	43	F0 00 21 1A 02 03 00 24 01 01 29 53 68 69 6D 6D 65 72 00 00 00 00 00 00 00 00 00 00 00 00 00 00 00 00 00 00 00 00 00 00 00 00 F7	SysEx (43 bytes)
172	9.454010	UNO→EDITOR	SysEx	43	F0 00 21 1A 02 03 00 24 01 01 2A 50 6F 6C 63 6B 61 00 00 00 00 00 00 00 00 00 00 00 00 00 00 00 00 00 00 00 00 00 00 00 00 00 F7	SysEx (43 bytes)
173	9.482444	UNO→EDITOR	SysEx	43	F0 00 21 1A 02 03 00 24 01 01 2B 4D 6F 6F 67 52 65 74 72 6F 4C 65 61 64 00 00 00 00 00 00 00 00 00 00 00 00 00 00 00 00 00 00 F7	SysEx (43 bytes)
174	9.516670	UNO→EDITOR	SysEx	43	F0 00 21 1A 02 03 00 24 01 01 2C 54 68 65 20 4C 69 66 68 74 00 00 00 00 00 00 00 00 00 00 00 00 00 00 00 00 00 00 00 00 00 00 F7	SysEx (43 bytes)
175	9.543874	UNO→EDITOR	SysEx	43	F0 00 21 1A 02 03 00 24 01 01 2D 47 45 4E 54 4C 45 20 50 41 44 00 00 00 00 00 00 00 00 00 00 00 00 00 00 00 00 00 00 00 00 00 F7	SysEx (43 bytes)
176	9.583352	UNO→EDITOR	SysEx	43	F0 00 21 1A 02 03 00 24 01 01 2E 53 54 52 5F 49 4E 20 52 4F 4F 4D 00 00 00 00 00 00 00 00 00 00 00 00 00 00 00 00 00 00 00 00 F7	SysEx (43 bytes)
177	9.614617	UNO→EDITOR	SysEx	43	F0 00 21 1A 02 03 00 24 01 01 2F 55 62 20 46 4D 00 00 00 00 00 00 00 00 00 00 00 00 00 00 00 00 00 00 00 00 00 00 00 00 00 00 F7	SysEx (43 bytes)
178	9.643089	UNO→EDITOR	SysEx	43	F0 00 21 1A 02 03 00 24 01 01 30 47 68 6F 74 65 6D 20 4C 65 61 64 00 00 00 00 00 00 00 00 00 00 00 00 00 00 00 00 00 00 00 00 F7	SysEx (43 bytes)
179	9.669716	UNO→EDITOR	SysEx	43	F0 00 21 1A 02 03 00 24 01 01 31 4E 55 62 61 73 73 00 00 00 00 00 00 00 00 00 00 00 00 00 00 00 00 00 00 00 00 00 00 00 00 00 F7	SysEx (43 bytes)
180	9.700512	UNO→EDITOR	SysEx	43	F0 00 21 1A 02 03 00 24 01 01 32 4D 6F 6E 73 74 72 75 6D 00 00 00 00 00 00 00 00 00 00 00 00 00 00 00 00 00 00 00 00 00 00 00 F7	SysEx (43 bytes)
181	9.726457	UNO→EDITOR	SysEx	43	F0 00 21 1A 02 03 00 24 01 01 33 44 41 52 4B 00 00 00 00 00 00 00 00 00 00 00 00 00 00 00 00 00 00 00 00 00 00 00 00 00 00 00 F7	SysEx (43 bytes)
182	9.753790	UNO→EDITOR	SysEx	43	F0 00 21 1A 02 03 00 24 01 01 34 74 72 65 65 6E 64 65 63 00 00 00 00 00 00 00 00 00 00 00 00 00 00 00 00 00 00 00 00 00 00 00 F7	SysEx (43 bytes)
183	9.792922	UNO→EDITOR	SysEx	43	F0 00 21 1A 02 03 00 24 01 01 35 52 61 6D 70 61 00 00 00 00 00 00 00 00 00 00 00 00 00 00 00 00 00 00 00 00 00 00 00 00 00 00 F7	SysEx (43 bytes)
184	9.826521	UNO→EDITOR	SysEx	43	F0 00 21 1A 02 03 00 24 01 01 36 4F 52 41 54 59 00 00 00 00 00 00 00 00 00 00 00 00 00 00 00 00 00 00 00 00 00 00 00 00 00 00 F7	SysEx (43 bytes)
185	9.858959	UNO→EDITOR	SysEx	43	F0 00 21 1A 02 03 00 24 01 01 37 47 72 65 67 6F 72 00 00 00 00 00 00 00 00 00 00 00 00 00 00 00 00 00 00 00 00 00 00 00 00 00 F7	SysEx (43 bytes)
186	9.885441	UNO→EDITOR	SysEx	43	F0 00 21 1A 02 03 00 24 01 01 38 4E 69 63 65 20 4D 6F 76 65 73 00 00 00 00 00 00 00 00 00 00 00 00 00 00 00 00 00 00 00 00 00 F7	SysEx (43 bytes)
187	9.911572	UNO→EDITOR	SysEx	43	F0 00 21 1A 02 03 00 24 01 01 39 30 2E 4E 4B 5F 48 69 4D 6F 64 75 6C 61 72 00 00 00 00 00 00 00 00 00 00 00 00 00 00 00 00 00 F7	SysEx (43 bytes)
188	9.937106	UNO→EDITOR	SysEx	43	F0 00 21 1A 02 03 00 24 01 01 3A 54 45 53 54 31 00 00 00 00 00 00 00 00 00 00 00 00 00 00 00 00 00 00 00 00 00 00 00 00 00 00 F7	SysEx (43 bytes)
189	9.963295	UNO→EDITOR	SysEx	43	F0 00 21 1A 02 03 00 24 01 01 3B 54 45 53 54 32 00 00 00 00 00 00 00 00 00 00 00 00 00 00 00 00 00 00 00 00 00 00 00 00 00 00 F7	SysEx (43 bytes)
190	9.998504	UNO→EDITOR	SysEx	43	F0 00 21 1A 02 03 00 24 01 01 3C 54 45 53 54 33 00 00 00 00 00 00 00 00 00 00 00 00 00 00 00 00 00 00 00 00 00 00 00 00 00 00 F7	SysEx (43 bytes)
191	10.029007	UNO→EDITOR	SysEx	43	F0 00 21 1A 02 03 00 24 01 01 3D 58 4F 46 4C 59 00 32 53 52 20 31 30 00 00 00 00 00 00 00 00 00 00 00 00 00 00 00 00 00 00 00 F7	SysEx (43 bytes)
192	10.057168	UNO→EDITOR	SysEx	43	F0 00 21 1A 02 03 00 24 01 01 3E 45 4D 50 54 59 00 00 00 00 00 00 00 00 00 00 00 00 00 00 00 00 00 00 00 00 00 00 00 00 00 00 F7	SysEx (43 bytes)
193	10.083196	UNO→EDITOR	SysEx	43	F0 00 21 1A 02 03 00 24 01 01 3F 45 4D 50 54 59 00 00 00 00 00 00 00 00 00 00 00 00 00 00 00 00 00 00 00 00 00 00 00 00 00 00 F7	SysEx (43 bytes)
194	10.109379	UNO→EDITOR	SysEx	43	F0 00 21 1A 02 03 00 24 01 01 40 45 4D 50 54 59 00 32 53 52 20 31 33 00 00 00 00 00 00 00 00 00 00 00 00 00 00 00 00 00 00 00 F7	SysEx (43 bytes)
195	10.135415	UNO→EDITOR	SysEx	43	F0 00 21 1A 02 03 00 24 01 01 41 45 4D 50 54 59 00 00 00 00 00 00 00 00 00 00 00 00 00 00 00 00 00 00 00 00 00 00 00 00 00 00 F7	SysEx (43 bytes)
196	10.161356	UNO→EDITOR	SysEx	43	F0 00 21 1A 02 03 00 24 01 01 42 45 4D 50 54 59 00 00 00 00 00 00 00 00 00 00 00 00 00 00 00 00 00 00 00 00 00 00 00 00 00 00 F7	SysEx (43 bytes)
197	10.199899	UNO→EDITOR	SysEx	43	F0 00 21 1A 02 03 00 24 01 01 43 45 4D 50 54 59 00 00 00 00 00 00 00 00 00 00 00 00 00 00 00 00 00 00 00 00 00 00 00 00 00 00 F7	SysEx (43 bytes)
198	10.230290	UNO→EDITOR	SysEx	43	F0 00 21 1A 02 03 00 24 01 01 44 45 4D 50 54 59 00 00 00 00 00 00 00 00 00 00 00 00 00 00 00 00 00 00 00 00 00 00 00 00 00 00 F7	SysEx (43 bytes)
199	10.259735	UNO→EDITOR	SysEx	43	F0 00 21 1A 02 03 00 24 01 01 45 45 4D 50 54 59 00 00 00 00 00 00 00 00 00 00 00 00 00 00 00 00 00 00 00 00 00 00 00 00 00 00 F7	SysEx (43 bytes)
200	10.289389	UNO→EDITOR	SysEx	43	F0 00 21 1A 02 03 00 24 01 01 46 45 4D 50 54 59 00 00 00 00 00 00 00 00 00 00 00 00 00 00 00 00 00 00 00 00 00 00 00 00 00 00 F7	SysEx (43 bytes)
201	10.320264	UNO→EDITOR	SysEx	43	F0 00 21 1A 02 03 00 24 01 01 47 45 4D 50 54 59 00 00 00 00 00 00 00 00 00 00 00 00 00 00 00 00 00 00 00 00 00 00 00 00 00 00 F7	SysEx (43 bytes)
202	10.356422	UNO→EDITOR	SysEx	43	F0 00 21 1A 02 03 00 24 01 01 48 45 4D 50 54 59 00 00 00 00 00 00 00 00 00 00 00 00 00 00 00 00 00 00 00 00 00 00 00 00 00 00 F7	SysEx (43 bytes)
203	10.385292	UNO→EDITOR	SysEx	43	F0 00 21 1A 02 03 00 24 01 01 49 45 4D 50 54 59 00 00 00 00 00 00 00 00 00 00 00 00 00 00 00 00 00 00 00 00 00 00 00 00 00 00 F7	SysEx (43 bytes)
204	10.418291	UNO→EDITOR	SysEx	43	F0 00 21 1A 02 03 00 24 01 01 4A 45 4D 50 54 59 00 00 00 00 00 00 00 00 00 00 00 00 00 00 00 00 00 00 00 00 00 00 00 00 00 00 F7	SysEx (43 bytes)
205	10.450525	UNO→EDITOR	SysEx	43	F0 00 21 1A 02 03 00 24 01 01 4B 45 4D 50 54 59 00 00 00 00 00 00 00 00 00 00 00 00 00 00 00 00 00 00 00 00 00 00 00 00 00 00 F7	SysEx (43 bytes)
206	10.482238	UNO→EDITOR	SysEx	43	F0 00 21 1A 02 03 00 24 01 01 4C 45 4D 50 54 59 00 00 00 00 00 00 00 00 00 00 00 00 00 00 00 00 00 00 00 00 00 00 00 00 00 00 F7	SysEx (43 bytes)
207	10.517510	UNO→EDITOR	SysEx	43	F0 00 21 1A 02 03 00 24 01 01 4D 45 4D 50 54 59 00 00 00 00 00 00 00 00 00 00 00 00 00 00 00 00 00 00 00 00 00 00 00 00 00 00 F7	SysEx (43 bytes)
208	10.544832	UNO→EDITOR	SysEx	43	F0 00 21 1A 02 03 00 24 01 01 4E 45 4D 50 54 59 00 00 00 00 00 00 00 00 00 00 00 00 00 00 00 00 00 00 00 00 00 00 00 00 00 00 F7	SysEx (43 bytes)
209	10.572028	UNO→EDITOR	SysEx	43	F0 00 21 1A 02 03 00 24 01 01 4F 45 4D 50 54 59 00 00 00 00 00 00 00 00 00 00 00 00 00 00 00 00 00 00 00 00 00 00 00 00 00 00 F7	SysEx (43 bytes)
210	10.598396	UNO→EDITOR	SysEx	43	F0 00 21 1A 02 03 00 24 01 01 50 45 4D 50 54 59 00 32 53 52 20 32 39 00 00 00 00 00 00 00 00 00 00 00 00 00 00 00 00 00 00 00 F7	SysEx (43 bytes)
211	10.625406	UNO→EDITOR	SysEx	43	F0 00 21 1A 02 03 00 24 01 01 51 45 4D 50 54 59 00 32 53 52 20 33 30 00 00 00 00 00 00 00 00 00 00 00 00 00 00 00 00 00 00 57 F7	SysEx (43 bytes)
212	10.652447	UNO→EDITOR	SysEx	43	F0 00 21 1A 02 03 00 24 01 01 52 45 4D 50 54 59 00 00 00 00 00 00 00 00 00 00 00 00 00 00 00 00 00 00 00 00 00 00 00 00 00 00 F7	SysEx (43 bytes)
213	10.680499	UNO→EDITOR	SysEx	43	F0 00 21 1A 02 03 00 24 01 01 53 45 4D 50 54 59 00 32 53 52 20 33 32 00 00 00 00 00 00 00 00 00 00 00 00 00 00 00 00 00 00 00 F7	SysEx (43 bytes)
214	10.715100	UNO→EDITOR	SysEx	43	F0 00 21 1A 02 03 00 24 01 01 54 74 72 65 65 6E 64 65 63 00 00 00 00 00 00 00 00 00 00 00 00 00 00 00 00 00 00 00 00 00 00 00 F7	SysEx (43 bytes)
215	10.742509	UNO→EDITOR	SysEx	43	F0 00 21 1A 02 03 00 24 01 01 55 00 00 00 00 00 00 00 00 00 00 00 00 00 00 00 00 00 00 00 00 00 00 00 00 00 00 00 00 00 00 00 F7	SysEx (43 bytes)
216	10.768603	UNO→EDITOR	SysEx	43	F0 00 21 1A 02 03 00 24 01 01 56 00 00 00 00 00 00 00 00 00 00 00 00 00 00 00 00 00 00 00 00 00 00 00 00 00 00 00 00 00 00 00 F7	SysEx (43 bytes)
217	10.794534	UNO→EDITOR	SysEx	43	F0 00 21 1A 02 03 00 24 01 01 57 00 00 00 00 00 00 00 00 00 00 00 00 00 00 00 00 00 00 00 00 00 00 00 00 00 00 00 00 00 00 00 F7	SysEx (43 bytes)
218	10.820603	UNO→EDITOR	SysEx	43	F0 00 21 1A 02 03 00 24 01 01 58 00 00 00 00 00 00 00 00 00 00 00 00 00 00 00 00 00 00 00 00 00 00 00 00 00 00 00 00 00 00 00 F7	SysEx (43 bytes)
219	10.854559	UNO→EDITOR	SysEx	43	F0 00 21 1A 02 03 00 24 01 01 59 00 00 00 00 00 00 00 00 00 00 00 00 00 00 00 00 00 00 00 00 00 00 00 00 00 00 00 00 00 00 00 F7	SysEx (43 bytes)
220	10.881326	UNO→EDITOR	SysEx	43	F0 00 21 1A 02 03 00 24 01 01 5A 00 00 00 00 00 00 00 00 00 00 00 00 00 00 00 00 00 00 00 00 00 00 00 00 00 00 00 00 00 00 00 F7	SysEx (43 bytes)
221	10.913314	UNO→EDITOR	SysEx	43	F0 00 21 1A 02 03 00 24 01 01 5B 00 00 00 00 00 00 00 00 00 00 00 00 00 00 00 00 00 00 00 00 00 00 00 00 00 00 00 00 00 00 00 F7	SysEx (43 bytes)
222	10.940444	UNO→EDITOR	SysEx	43	F0 00 21 1A 02 03 00 24 01 01 5C 00 00 00 00 00 00 00 00 00 00 00 00 00 00 00 00 00 00 00 00 00 00 00 00 00 00 00 00 00 00 00 F7	SysEx (43 bytes)
223	10.967713	UNO→EDITOR	SysEx	43	F0 00 21 1A 02 03 00 24 01 01 5D 00 00 00 00 00 00 00 00 00 00 00 00 00 00 00 00 00 00 00 00 00 00 00 00 00 00 00 00 00 00 00 F7	SysEx (43 bytes)
224	11.004884	UNO→EDITOR	SysEx	43	F0 00 21 1A 02 03 00 24 01 01 5E 00 00 00 00 00 00 00 00 00 00 00 00 00 00 00 00 00 00 00 00 00 00 00 00 00 00 00 00 00 00 00 F7	SysEx (43 bytes)
225	11.032991	UNO→EDITOR	SysEx	43	F0 00 21 1A 02 03 00 24 01 01 5F 00 00 00 00 00 00 00 00 00 00 00 00 00 00 00 00 00 00 00 00 00 00 00 00 00 00 00 00 00 00 00 F7	SysEx (43 bytes)
226	11.033411	UNO→EDITOR	SysEx	43	F0 00 21 1A 02 03 00 24 01 01 60 00 00 00 00 00 00 00 00 00 00 00 00 00 00 00 00 00 00 00 00 00 00 00 00 00 00 00 00 00 00 00 F7	SysEx (43 bytes)
227	11.062029	UNO→EDITOR	SysEx	43	F0 00 21 1A 02 03 00 24 01 01 61 00 00 00 00 00 00 00 00 00 00 00 00 00 00 00 00 00 00 00 00 00 00 00 00 00 00 00 00 00 00 00 F7	SysEx (43 bytes)
228	11.098417	UNO→EDITOR	SysEx	43	F0 00 21 1A 02 03 00 24 01 01 62 00 00 00 00 00 00 00 00 00 00 00 00 00 00 00 00 00 00 00 00 00 00 00 00 00 00 00 00 00 00 00 F7	SysEx (43 bytes)
229	11.126508	UNO→EDITOR	SysEx	43	F0 00 21 1A 02 03 00 24 01 01 63 00 00 00 00 00 00 00 00 00 00 00 00 00 00 00 00 00 00 00 00 00 00 00 00 00 00 00 00 00 00 00 F7	SysEx (43 bytes)
230	11.153643	UNO→EDITOR	SysEx	43	F0 00 21 1A 02 03 00 24 01 01 64 00 00 00 00 00 00 00 00 00 00 00 00 00 00 00 00 00 00 00 00 00 00 00 00 00 00 00 00 00 00 00 F7	SysEx (43 bytes)
231	11.180619	UNO→EDITOR	SysEx	43	F0 00 21 1A 02 03 00 24 01 01 65 00 00 00 00 00 00 00 00 00 00 00 00 00 00 00 00 00 00 00 00 00 00 00 00 00 00 00 00 00 00 00 F7	SysEx (43 bytes)
232	11.209923	UNO→EDITOR	SysEx	43	F0 00 21 1A 02 03 00 24 01 01 66 00 00 00 00 00 00 00 00 00 00 00 00 00 00 00 00 00 00 00 00 00 00 00 00 00 00 00 00 00 00 00 F7	SysEx (43 bytes)
233	11.240402	UNO→EDITOR	SysEx	43	F0 00 21 1A 02 03 00 24 01 01 67 00 00 00 00 00 00 00 00 00 00 00 00 00 00 00 00 00 00 00 00 00 00 00 00 00 00 00 00 00 00 00 F7	SysEx (43 bytes)
234	11.273395	UNO→EDITOR	SysEx	43	F0 00 21 1A 02 03 00 24 01 01 68 00 00 00 00 00 00 00 00 00 00 00 00 00 00 00 00 00 00 00 00 00 00 00 00 00 00 00 00 00 00 00 F7	SysEx (43 bytes)
235	11.300123	UNO→EDITOR	SysEx	43	F0 00 21 1A 02 03 00 24 01 01 69 00 00 00 00 00 00 00 00 00 00 00 00 00 00 00 00 00 00 00 00 00 00 00 00 00 00 00 00 00 00 00 F7	SysEx (43 bytes)
236	11.325813	UNO→EDITOR	SysEx	43	F0 00 21 1A 02 03 00 24 01 01 6A 00 00 00 00 00 00 00 00 00 00 00 00 00 00 00 00 00 00 00 00 00 00 00 00 00 00 00 00 00 00 00 F7	SysEx (43 bytes)
237	11.351461	UNO→EDITOR	SysEx	43	F0 00 21 1A 02 03 00 24 01 01 6B 00 00 00 00 00 00 00 00 00 00 00 00 00 00 00 00 00 00 00 00 00 00 00 00 00 00 00 00 00 00 00 F7	SysEx (43 bytes)
238	11.377162	UNO→EDITOR	SysEx	43	F0 00 21 1A 02 03 00 24 01 01 6C 00 00 00 00 00 00 00 00 00 00 00 00 00 00 00 00 00 00 00 00 00 00 00 00 00 00 00 00 00 00 00 F7	SysEx (43 bytes)
239	11.402881	UNO→EDITOR	SysEx	43	F0 00 21 1A 02 03 00 24 01 01 6D 00 00 00 00 00 00 00 00 00 00 00 00 00 00 00 00 00 00 00 00 00 00 00 00 00 00 00 00 00 00 00 F7	SysEx (43 bytes)
240	11.429034	UNO→EDITOR	SysEx	43	F0 00 21 1A 02 03 00 24 01 01 6E 00 00 00 00 00 00 00 00 00 00 00 00 00 00 00 00 00 00 00 00 00 00 00 00 00 00 00 00 00 00 00 F7	SysEx (43 bytes)
241	11.478177	UNO→EDITOR	SysEx	43	F0 00 21 1A 02 03 00 24 01 01 6F 00 00 00 00 00 00 00 00 00 00 00 00 00 00 00 00 00 00 00 00 00 00 00 00 00 00 00 00 00 00 00 F7	SysEx (43 bytes)
242	11.519640	UNO→EDITOR	SysEx	43	F0 00 21 1A 02 03 00 24 01 01 70 00 00 00 00 00 00 00 00 00 00 00 00 00 00 00 00 00 00 00 00 00 00 00 00 00 00 00 00 00 00 00 F7	SysEx (43 bytes)
243	11.548114	UNO→EDITOR	SysEx	43	F0 00 21 1A 02 03 00 24 01 01 71 00 00 00 00 00 00 00 00 00 00 00 00 00 00 00 00 00 00 00 00 00 00 00 00 00 00 00 00 00 00 00 F7	SysEx (43 bytes)
244	11.578176	UNO→EDITOR	SysEx	43	F0 00 21 1A 02 03 00 24 01 01 72 00 00 00 00 00 00 00 00 00 00 00 00 00 00 00 00 00 00 00 00 00 00 00 00 00 00 00 00 00 00 00 F7	SysEx (43 bytes)
245	11.608105	UNO→EDITOR	SysEx	43	F0 00 21 1A 02 03 00 24 01 01 73 00 00 00 00 00 00 00 00 00 00 00 00 00 00 00 00 00 00 00 00 00 00 00 00 00 00 00 00 00 00 00 F7	SysEx (43 bytes)
246	11.648228	UNO→EDITOR	SysEx	43	F0 00 21 1A 02 03 00 24 01 01 74 00 00 00 00 00 00 00 00 00 00 00 00 00 00 00 00 00 00 00 00 00 00 00 00 00 00 00 00 00 00 00 F7	SysEx (43 bytes)
247	11.688051	UNO→EDITOR	SysEx	43	F0 00 21 1A 02 03 00 24 01 01 75 00 00 00 00 00 00 00 00 00 00 00 00 00 00 00 00 00 00 00 00 00 00 00 00 00 00 00 00 00 00 00 F7	SysEx (43 bytes)
248	11.728165	UNO→EDITOR	SysEx	43	F0 00 21 1A 02 03 00 24 01 01 76 00 00 00 00 00 00 00 00 00 00 00 00 00 00 00 00 00 00 00 00 00 00 00 00 00 00 00 00 00 00 00 F7	SysEx (43 bytes)
249	11.748198	UNO→EDITOR	SysEx	43	F0 00 21 1A 02 03 00 24 01 01 77 00 00 00 00 00 00 00 00 00 00 00 00 00 00 00 00 00 00 00 00 00 00 00 00 00 00 00 00 00 00 00 F7	SysEx (43 bytes)
250	11.788121	UNO→EDITOR	SysEx	43	F0 00 21 1A 02 03 00 24 01 01 78 00 00 00 00 00 00 00 00 00 00 00 00 00 00 00 00 00 00 00 00 00 00 00 00 00 00 00 00 00 00 00 F7	SysEx (43 bytes)
251	11.818304	UNO→EDITOR	SysEx	43	F0 00 21 1A 02 03 00 24 01 01 79 00 00 00 00 00 00 00 00 00 00 00 00 00 00 00 00 00 00 00 00 00 00 00 00 00 00 00 00 00 00 00 F7	SysEx (43 bytes)
252	11.858127	UNO→EDITOR	SysEx	43	F0 00 21 1A 02 03 00 24 01 01 7A 00 00 00 00 00 00 00 00 00 00 00 00 00 00 00 00 00 00 00 00 00 00 00 00 00 00 00 00 00 00 00 F7	SysEx (43 bytes)
253	11.898183	UNO→EDITOR	SysEx	43	F0 00 21 1A 02 03 00 24 01 01 7B 00 00 00 00 00 00 00 00 00 00 00 00 00 00 00 00 00 00 00 00 00 00 00 00 00 00 00 00 00 00 00 F7	SysEx (43 bytes)
254	11.928247	UNO→EDITOR	SysEx	43	F0 00 21 1A 02 03 00 24 01 01 7C 00 00 00 00 00 00 00 00 00 00 00 00 00 00 00 00 00 00 00 00 00 00 00 00 00 00 00 00 00 00 00 F7	SysEx (43 bytes)
255	11.958077	UNO→EDITOR	SysEx	43	F0 00 21 1A 02 03 00 24 01 01 7D 00 00 00 00 00 00 00 00 00 00 00 00 00 00 00 00 00 00 00 00 00 00 00 00 00 00 00 00 00 00 00 F7	SysEx (43 bytes)
256	11.978130	UNO→EDITOR	SysEx	43	F0 00 21 1A 02 03 00 24 01 01 7E 45 4D 50 54 59 00 00 00 00 00 00 00 00 00 00 00 00 00 00 00 00 00 00 00 00 00 00 00 00 00 00 F7	SysEx (43 bytes)
257	12.008123	UNO→EDITOR	SysEx	43	F0 00 21 1A 02 03 00 24 01 01 7F 00 00 00 00 00 00 00 00 00 00 00 00 00 00 00 00 00 00 00 00 00 00 00 00 00 00 00 00 00 00 00 F7	SysEx (43 bytes)
